IN 8881811188. , ιι

8811111818818811111188181181188118 3888181188118188881818888811

11181111. · 81188134, 99178881 68,5. 118111 11881
1181881181881881818881188111 93,9.18881164,998.11881818181111818181“109,
Rumor: 18188181 enum severiorum 5,9. 6. Veneri 36, 3. 1188118 iidem 11811114
11818881 rumpent 1118 888188 11, 90. 76, &nanuum 1111188 8818 8811136, 19.

188181118807.118818888164,95.1188118881888 ibid.
Ruo: ruentes 08181881815864 393. 999.118811118116394.1188111 8111111-
118881 Trinacria 68 53. 18811 ’1118188 881818 64, 969.

188881 61, 98. suh rupe 1818 64154. 38888881118811818 188111188188811.
1181181818111881 tetulit 63 47. 3118811111 sanguinem profundit 90, 15.
1181181111818111818168,898181.1888818811811111188181 81881 1915111-
118111811181881888818836,19.1818 1888881181818 munus 644001888818181·

18118818 99 14. rura 88111 8888 64, 38. 881881 terrum 63, 7. sauro 68, 75. 11811
1181188181188881811818181888188919.1818818111811188 64,930. 1881188 66,
Rusticus: rustice 118154, 9. 1811188 34. Teucro 64, 345.

arte 90, 1. securi 88818181118881881 19, Sanus: 1888 888 811 888111 41, 9. 81181,

3. tecta 34, 19. 83, 4.

1111111811 rutilam quate jubam 63, 83. 388181888188111811118881117,19.11
· umffi,9.

38818181 plenus aranearum 13, 8. Ι3818181181 18181881818111 81 expediti·

Sacellum: 8888118 8 meo 111 remota her- 96, 9

hw,8. anmffl,w.

388811181818 11188171,1.188188111181- Satio: 1811818 8111111118 64, 147.

1818 14, 19. 1888181881, 6. 11818 188- 38111181188161, 939. 8181. .1888.

88188 68, 75. 381811111188818191, 9. pertundo 1881·
sam: 188181881118888Ι 8118 me 1818- 818 39, 10. 1818188 881484

8181109, 3. 11181818111181881855,5. Sutura: saturasset 111881 umorem 68,
38111811 18818 88888 64, 389. 188811 83818181818188818811 gnati 64, 990.

· 8811118163, 94. 1118181818111,6. 188111 Saucius: 118818 volvebat 881818 cunt

1811 quae 81188161, 71. 64, 951.

ι. ,388811111111 888888181818811859,9.818 3818811 11188 effigies 64, 61.
·388111’8;118811118 881118 tantillum 18- 38111181 181188181166, 5.

mere nequeo 99 6. 388111118181185181881888111811188-
3118818118 81 indomitus 103, 911811 188868, 151.

1181164,169,1181188188118181 963118- Scabies 18881888 Memmi 49, 9.

8811 1881188 66, 66. 1181818 prostravit ’7183888881 18881818 muntem 7188111818

1881 64, 110. monstrum ibid. 101. sueva 105,1.

818888181111. 159 118111 188111 ibid. 903. 38118181 1881811118 11181888118164, 405.
Sagitta 88111 881881118881111 31881818- 3811111811 1881818888111 8,15. 18818111

11168113.. 15,15.

Sug 11111 er: sagittiferos m Parthos 8888- Scelus: sceleris aliquid 91, 10. quantum

“ · 11818111, 6. 1818181111 88, 4. quicqum ibid. 7. 1881818

381 : udis 18181 86, 4. 18818164, 67. 8818818 imbuta 181181 64, 398.

tremuli 8811111111. 198. 111881 88 leporem Scilicet 11 Catullum 181111 libellum 14,

habent 16, 7. 888 1188 1818 881818 111818- 13.

11113, 5. Scio: 18118888111 88, 4. 1811818118
salaputium 11181188 53, 5. ’18881 99, 90. 1818181 1181811111 eognitu61,
38181 taberna 39, 1. 146. 181111 quum 881818 811 dederit 68, 59.
38111118811811118881181881819319. 1815181781881111185. 1818188188 8118
3811811811188181881181181179 5811818815, 13. 8818188181 ibid. 11. 1188
38118811881181193,16.18818178,8.99,10. 18118 8181811 93, 9. 8881858111 67, 17.
381181 181188 1188 8188 putus? 19, 4. Scipio: scipionibus 1188188 1158111818ιὶ-

81181416181181111646111837,10.

3811881 nunc 8888111118 mimos 69,17. 38818181. scombri: dubunt 1881811 Vu-
381181118118818818881114,6.11118 1881888181958

1181888818811111.1.11118“18888115,4. 388881811188881818881811188 64, 945.

1111888 reconditorum 188188 34, 11. 181181 3881111188 888 1118811881 10, 3. .

88811811155. Scortum. 188111 1811188181818188111
38188188118181811111163,16. 6, 5.

3818188811888117615. 3811811881ι1181818111011811869,97
3818181181811818818818195 88115118888199, 16 18114111
381888. 8118188167, 9. 31181831, 19. 118888111881137, 1811114111

8118181888ιὶ 64, 93. « 1111881784. teribus mido!

 

