64 INDEX

(itm 115, 3. (11816661616613611.

cupido 68, 133. Gortynius (Gortyuin 6611666116 Greia)
cupidines 3, 1. 13, 11. Gortynia 16616 64, 75.

0611111163, 9. ⁸ 011616,616.1.ρ.66161,111.

(Madet 4,*7.

cumo», oyem 6666616 67, 31. ubi Hamadryades 6666 61, 13.

videsis 666616ιὶ6666. 1166666161 (61166111 6666)74, 4. 101, 4.
0911611661(0111666, mono .41666161)0]1· 1161668. 116.

1666616 Pheneum 68,109. 1161611668, 87.

0616116 (orbi Africae 66111116) 1661116161- 11611666666 collis 61, 1.

16161 7, 4. 11611616661166,1161166666116616134. .
99161161, 6116116161 jugum 4, 11. Hellespontus 1661666 64, 359.

Cytorus (61666 Paphlagoniae) buxifer 116161165513.

613. Herm deum genus 64, 13.

1161611116 61, 10. ,
1161666111 (06166666 116161 66661161) Hiberi (gena 1116666161)9 6.

Βιῐάιηία 8111664, 368, 1111111111, 11111078 0371134119 64, 97. [11618
11661116(Ρ1111616616, opud 66611661 Prog- 19, 10.

66)65, 14. 11166166116637, 10.
1161161(0616616661616601616666 mo· H 111(116161 populi) 11, 5.

616)1)6116 61116 34, 14. 6116166(66116660616111)66 quem 65,
1161111164, 393. Hydrochoos (signum 1661661) 66, 94
Dio (61166 Ν6166)64, 51. Hymen 61 3966666161, 4. iq. nom
111666,6666616 34. 66, 11.

Dindymus, Dindymon 6616166311-

16116)6313. Iacchus 161666 64, 353.

11166601 161766616666161 6661660511, 6. 166 (mous 11ης...) viridis 63, 30.
Dyrrachium (61116 Μ666666161)1161161 Joauum (minut 16 Cypro) 66661666

6111166615 3⁶ 19·
161116(1666606116)64, 301.

3349133'3352.³132311⁹.0 111111.1’.11.1“1 ⁶⁸' ⁸⁶⁶
6666)1161611116 ops 64, 315. India 16116 45, 6.
Eous, 1166 6666 (6666666 6116616116) ludus 6666 64 48.

11‚8. 16111116,1666 1166166114 11. u
111661660166666616616111166)161666 1911111116 (uniet 0616111) 66 qm 82

ouras 64, 71. 6616161616. 1. ,
6661111666(91111116616316411166)911-11111,1,5.

111666 66111661, 906. 11666 (opp. 11166661. ) 66661616 64, no.
61611616 6116666 39, 11. Itylus (111161 Terei) 1166161116 65, 44.
Eumenides 64, 193. Julio (nupta 11166116)16 cuju nuptia 61.
31116161(1.66661611161ἰ66)64, 89. .16(116ι ma3ima 6611661616 68, 138. hu·

6166 Diana 34 13.
1111611116 (6616ωο616111) 66 quen 13, Jupiter aestuosus 7, 5. mugnus ³4, 6.

0128. 6661661666 64, 171. 6616116166 6814).
Falernum (661116116661)16161661 37, 1. 6116666664, 10. 6666166115, 5.
1666111166(166161)161 1611166664, 163. 1111661166 (16166166616161)6666α1148,
1166630, 11. 34, 81. et 99 1116111166 99, 1.
11661610611666066111ὒ666616 6. 1
1611116116(116616116 11611611661166666) ludas (661661 un 0116616155. 35.

6666616141, 4.,43 5. Lampsacum (61116 66 116116611661661)
111611616161611616 61116116111)11611616- 181.

n 1666616 57, 4. 9616116666 661166 114, 1. Lamum (1611611616 6116 1616)6161
11111166 secunda 64, 111. atque 66616166 39,13.

⁴ - . Laodumia, 661616 flagrum 6661631358,
6611666.16,. = 74. 6616161116611116. 105.
661116 96661619, 3961116 19, 11. 16616611 (11611666 urbo ’1166666566-
6611166661 eoois 41, 9. 116661 166616 64, 36.
661166(11661611516166666)66666781161161666 16666 16 016566) latim
6611161 (sodon 116166)1666616 74, 80, 11111165,6.
81.99,91,6111616111111(1.61666 6166696616)1.61ώ
Gnosius (96666666166 91616) 966616 6616645.
111111 64. 171. 1611111(61666>61,5

 

