16 11111611 61111166

1.1.6.....161111η..61666,11,11116611... 1111611111. 1541611616 116·
11111611 111166616110. puerperium 111164,19.1616116616116ι·6199 stipendi!
67, 48. 11166 66161186130, 1. 16111616611· 16616 64, 178. aditum 61, 86. 16116168,
61111160,16.16116114,1. 80,(11161161166114,8.”16666666616616 64,
1616866161611161 64,41.19.1161166611666666611111661666168101.
Fama 66116 78 10. 11166 61, 68. 611166 111181161611816116161111111166161616 69, 5.
11111. 830. 1616111166, 5. 11111116 668161111667,19. 16161 Pogueo
Ι11111161611668166116111611478. 1616616 volatu 55 84. 16 6661616 6858. 616616
1611611188, 5. 111616 (1186161 11111. 68 1616116 (1666161616

16611161611161611616890018616611111. 1111611167,7.

68 1611611116116616161666161611611611166-

1811161611 1616611161 1111 jucundo 1611616 1616 16161166 1611661 17, 86. 161166 oanis
64161. · ore 48, 17.

Famulus. 16661661661666161616166116111116116116116611186166866616661·
57. 11666164. 887.

161616116111 61116 1611118813.161111111116111166616111111111611111111616
116611518.166661686161166111111166,50.16116161161161611661661161661,
3. non 6111661616 88, 5. 11111. 48. oum 16116 6611611116 47. ancipili

1111611161 161616616866167, 18. 64, 370. 161611611ὶά. 856.

16111111166161616111616661615614. 1616111111 16111116 111166 64 818. 16111-

16111111.16111111111 1166116661517.11116 do 1616 807
1166111 64, 846. 16161111111611166165, 14. 18161166 1661161 rapidum 6611661663,
16616651111116643881611666111111111 85.161616161111161116116611111661615616-
2217, 16111 mare lustravit 63. 40. 1616161116 6616116

Fateor.- 1616866161 6161166 64, 350. 16· 6116616161. 1616 111 1161661616ςί1 68, 89.
1611 1166 pudet 6, 5. 1611 vultus 64, 14. ·

Fuluus 16166 1111 1166 661161168116 1116111116166666111616166611661 6611666
661 83, 8. 111616 61 verbosis 98, 8. 64, 189. 16111 labore 81, 9. 161616 Achivi·

Faustus: 166116 666 1111616 1111166161 64, 367
66666 64, 330. 1611161 161111 (168616438916161618116

Faveo: 1616611111111111113,8.1616616 66, 90. ’
(1661166611 100,5. 1116116130 11. 11616108811611675,

Fax: laces 66111661661666 6177. · 31111611661611666616111666164, 191. 16116-

11111611161611 febriculosi 166111 quid 111· 16111 11616116 76, 3. 8686661 quoi 1161616661
1111664.30,6.11116111Ι)16661161666341

111111666616 611100, 8. 161161161616 1111188666 45, 83. fidelos 1611661166
666111116661611)1166164,374.11616681111616666116611161166116664144.
30.1611666 61116 68, 155. 1611616 66116166 1161111666] 16 mihi sperabam 91, 1.
Ρ616164,383.16116186111611166661611111166661661081.611161664188.
85.-161161611611111611111 107, 7. Fig 6.· 1116616116 116, 8. 11116 6616116 16-

Fello: 161161 Rufa Rufulum 59, 1. 161 66, 61.

11616111111661611666111116111166111557.111116.136161666163,68.1361166·

11161166 66116 6166611116 64 148. 69, 1. 111 guali 661616161616166 64, 881. ligurit
161611116161,88.166166866661 187. 111166111661161116161161616111664591611-

Femur 1611611116 supposuisse 1116 69, 8. 86111111. 866.

F·:em 16161616161111611681111635316-Γ111611611116611661161161611111664117.·
1611616168611611611143 1611661111· 11111119,6.33,4.1611116678,811111
1161116611 111116 (16861 64, 158. . 1111611 16166111616139,4.1111 et 16161 61·

18161166 1111611 1116161111 110, 41611 11611633, 8, 8 (1611186116 37, 18. ’
1666161Ν6ρ1666631, 3.16161111166664,34.1“111116 1116 1161161116 collum circumdare
6616111 06166 64, 881. 6161168, 109. 1611 64, 378. 166611616611611111111111. 11316·
11111611 1611666993. 161110811611116161 1111111.318.1116(16(16661161161161611111.
64, 884. sagos 61166 Peneus 11111. 889. 11 818.

1116166 1111199.1611111111116166116166111 Fingo: fingere 1161111616 111111 66, 50.
88, 5. 661616 1611111161 63 16, opem 76 18. 8616 11666111 68 36. 61116161666166 0161616
11611616 14, 88. 1616111661 89,5, 10. 666 55, 83

impune 78, 9 sorel quecunque 1616111116 1111161 116116 1611111616 64, 31.

6161116111 11,13.16666611161116619,81. 1111111166616616181,13.1111661116·
16161116616116116116 68, 13616161811116 1616 6666616164,817.111166611 AEolaeoe
3111164160. 11111616 61, 43. digna 66, 116666 11616. 81111161 16616166 11616166,
41. 1611111116 6379. 16116 1611611116161111- 18. 11111866 (111611611166 61, 73. 18111111
16 11616 30, 10. 16, 116166166116866 66145, Asin adjiceret 66, 86.

18111661161161616666116 64888. jugum Flo vid. Facio.

 

