,41111111 PRIMUS

1,·-41111111111111Ὓ611111116111119 ’.411111 attitupbhumo.
16. 111111111111111111111111,64, 394. . 4111111111111111111111111191,11.
. 111111κιι11111.1111...ι.1.1. ,1111111111111111111111111115111111111
1111111111 11111111 13, 6. , · 39, 13. attigerit 111111· 67, 90. ·
, .·’,4111111111111111111195μ9 . , 4611111111,111..;., · ,
,·ι4,111111193,1.· · 41111111111111161111111111111111111·
4111111111 1111111111 6140. 11111- 11199,10. ‘=
1111111194. 11111114111111164, 49. Aucto: 111111111111411 411111167, 9.
- 4951111160111111111011 Auem: 1141111111 11111111 1111111
Arbor: 116161116111164, 41. monn 1111163157.
-ῬΙῘΨΜ111613511111111411111 61, ,1.-111111... genu 113, 3.
ι 141111111111141111·
14111193, 1. arom 94, 1911111111. 411411,111111150 18 1111.
4111111111111111111111935 Audon.- 114114141111111111111 nobis
41411111 ardenti 11111169, 93. 1141111 31,6.1141163,119.1111111111111111161
,11141 64, 114. 1111111164, 315.1111111.1111111111111111111111111111137,

·. 4141111411111111111114111114516.7.1111111111111ω111,3.1111111141

,,..1141169994111111111111111193 1111111411111164,6
, 4111114411 1111 64, 56111111 111· 41411111411111111411111111111111 11
9111117, 3. 11111114,1.111111111111111111111111

41111111111111111111111111111114111 67,41.114111113111111 patmum 111111»
,11411 64, 44. · 111111111174,1114111111111111111164

4113111 1111111111111111111111161393. ,195114111111 11111111· 6141. 41114111

,411111191111111111 66, 79. domini morem 1114199114111111111-
. ,,41· 1111111611,111111114111111111111165,9.1141111

41141111141111111111111111111111 nom 1111111111111111, 11111 111. 9, 6. 114111
64, 317. · 111111 1111116198.

4114111.- 11141 1.111111,1.1111111 41111111111111111111141111111111111
19.111411..1111111.11111,13. 1111168,19.111111111111111015.1111-
14411111111,1.111411111111143,5. 111111111111111169,31.111111111111111

41111111 111111111111111111111111641111111111.111111113,15
397.4111111111111411111111111111164313

41111111111164,51.1111111901 motum 1111411111166,11.11111

411111111111111191 111411 1111111611 64, 95. 11111 11111 nullu

,41111111111111111131411114111 1111141164155.
1111141411411111111519. 11117611. 4111111111413111116413311111

,Amana 11111141. 11111141 69, 49. 4168, 64. 11111164, 90. 41141111111111
1111 4111111111 64, 354. 4, 90. 11111 111111 nullis 1111111111 64155.

4794411447· 0111111111 4111736, 13. 1111111141111169,41.11111111111164,
⁴ ,ς;4,11111111111111164,941.11111111111· 1641111111111111434. 411111111111411
111111111111111114 3. , 46,3. ·

,,141 11111111 11111 4913111111 11111· ’411111111111111111111111645
1111115, 3. 11111114111113313.4111111111Ρ111111111 11111 111111ιὶ111

4671417· 46409614401114114197,10. 1114111111119,11.1111111111141161,167.

477774 111114 19 6. , 411111111111111111666611111111

·3,04411111111111111111111’111111111164 11163,39.11111111111111111111 11111
,4111111114 44111111. 41111.111111111111111141 1111111161,

1.1111770·,4114711144-114461 diligemus 551111141111114111111111111111111
17,16. 64,170.1411111111111111111111111111

4111411111 amm· 6663 4141441 4111311114 63, 75. 1111111111 requierant 647. 11111-
19.7.441161141111165,1. 41116355 111111111151, 11. 1111111141111111 56 4.
ᾏΉῆ ,.61 764. 11114111 41111 64, 943. Auriculam 1111 1111111 mn 1111 1111111111
11114111 1111141164, 71. 4141911 45, 41 67, 44.. · ·
90.44141.4111611111111’1“111199-.90 . ,

ΙΙ11117 41111111 111111 9394111111 4111111111111111111164,979.11114111
3919. . 11111111111111111411111111.

,41111 uiuasque 11114111 6915911111 mn 111111106341111111111111411111411
111141111111111111165, 93. · 64, 37.

411111.1ο,91.11111,65,11.41“1111· 41111111.111111111111111111116739.,
’1117117341 69. 11 41 49 “ 4111411111111111111111111111111411111

Attenuat 1111111111 1111 11111111 1147111 ι114111 45, 96..

641464 .’,1·,1;.“1-11.. ι’ ...mum Μηωωῦῶ, ¹¹⁹⁸ “du

 

