117 ὒθΝΤΕΧΉῙΜ. 00

“ mmm mim68‘. 140111· 116111 1116116 35, 13. 1116· 1611 60661
1611 11111 17, 7. 611661 neuportum 14, 9. 64, 0461116111 6616111661 4, 0.

16616 61, 43. muneri 6111616111 10,15. 111· Navita 66111661 64, 174.

1611 1111666 61, 034. furtivo 65, 19. 1116 Nauia: 616111 161116611611111 60, 63.
14, 0. 6616 66, 30. 6611111116 nocti· 101, Ne 6611111 616116 67,.10. 6116666050.
0. 111111 69, 3. 6111616 1111 1166 111166 60, 16661116 61, 000. 61 16111666 5, 11. ae 61.

00. 16611616600. 11666166 6111166111 Nebula: 66111111611116161616111116116 ·

60,10. 61116199 666 1116116 666116 1111113010.

16111111 101, 0. 66161 6161161160, 154. 166·Ν11 1 grenio 111161 16 11616111 pun

11111161 11161166 90. 0, 0111111166.
11111111111611116616161111161111160115.Ν161111 611 611616 611661116160, 61.

166166111164,10311661611,16.116166161111619,17.111111
1111111161 16611116 616111 6111116 66, 70. 61116, 6. 11111161, 03.
1161166616 1111661 11161 611166 60, Ν116611611616 11611616 6611116 6, 7.11 11.

86. 11611116616611166166161664030116·
Musca 116, 4. fundannum 116111161116 406. .
Μ111666111616166161161666050. Ν6111111116111111161161144101 .
111161611111(6111111161111)066·61166 1166171660 09.

00,11.616111111666116611106,31.166- Νο]11611116661164,03.1ἰ6.161. d

1111 111661616111 velit 14, 8. 1161111 11661 11.1.

67, 7. 1116111661 61116166 61 1611611699 Ν1611661616116111166305.6661161116

13, 6161116 11661161 60, 35. 11111166 611 7166161, 199. 161166117111611 19,00.

, 11116 6666166140, 00. ’ 6161161616616616 11661 10, 34. 6661161611-

11111111 66166616616611116666161101616611616116111110,3.666116166611116
4. 61611 611611 64,186. 116111 166616111 61161664, 134.

96, 1. Ν1661116616111606, 3 1116111655, 14.

511111111166161166616150,6.1161611 11611161164111161611611661661611
animis 616161 45, 00. 4,0 4.4 1116161 1161163, 10. 6666161111 111

1111111161 6611666 11611611 11611116 61 , petel 61 , 150. 66661 66611 6116116 1116. 100.
00. myrtus 661111616616661111111616 01· Nemo 1611 6611164, 30. et 11. 111661
1111116109. 1161116 161111 01, 1.

Ν111611116111166163, 70.

Nam 1116111161 6111 611161· 3, 6. 1111661 Nemus Phrygium 63, 0. 16 nemon 11111
16111116 661616 1116116 6116 66616 111111, ibid. 50. 6616661 1661111116 09. 1616616·
3111111166 1611666661111650. 6616111116.30.Ρ1117-

Ν1116111611616161 611 6111161666 mlum 6111111600.

71, 4 1166161111161111111116..-

Narro: 611111 egregium 66166166 67, 66161 61161 1661116 64, 301. 116111 50, 5. ⁸
09. 111111 Β11111 66 Postumio 1116. 35. 66661111 1166611611111111111649,1.
616νί6611 ten’ 6166 bellam ? 40, 6. 611116·Ν16111·6661616 66161 666116 64, 09.
11611661, 11611, 6111611119, 7. · “ Ν1611611161169, 7. 1161. 116.

Ν11161161161161061 11116166 64, 39 11161111 11116116 66661160, 30 11661·
1111111661 1116. 49. 6116661616661611111 6616611161111116116,11.11661116611·
19111191111 .9.1;.ῗῗ.9’..1191ἱ111.1117 “¹4444.44.⁴}.3;... 11.

039. 61161161 Magus 90,1. -1111111 66111111 Nescio 66616161161161 05, 0. 66111 1111
lugere parentes 64 401. 11611 67 06. 6111 53, 1. 6616 6116610, 6. 6616661166100,
61111667, 03. 66661305. natu-10, 15. 5 1611116,1.1111116616 116161101611
611116 61611616 66661111 1111111 60, 01. 01, 6. 1616111617, 44.

6111 616116616161616661664, 0016101616. 'Neu 161111 611116 30, 6. 11 61. 166.

099. · Ν1616Ν1111611111160.611.

Nam: 11111 6611611611103,17.11116 Ν166.61616111111611611111111111 a,
1166 16161166 66611143 1. turpiculo 41, 3. 63. 616111 6111111 43, 0. 6166111611 1111
111911.9119ἕ.“ἒ.9.“19119911.9 9· “⁰⁰⁰¹⁰ 9191916111 11 ..11,

Nam 6611161111111166111661161111111661 311116111661161111161, 107
05, 10. 6116111 66666161116611111 3316111111111116611 611661 tanim 00,10.
7.· 111

111116611161611111111619 Ν111111166111611631643,4.Η1

Ν116161116111111111111661111616161111 Nm: 6611611161 ‘

4, 3. 1116107 111311 db·
²214&er 11641616 6611111 661111 61111110, 137. ’“

6661161111111661,3.1111116616111100,316

 

