ιιι 0007000011. ,ι

,61111101...400111041101100000110 1111010 130ιῴ10ιὲ 011000 0000040011ιί Μ 0⁸1

. 1 10001007 1.

· 4111110101 001000010300400000 Tibur- 300101101εοί00073, 3. 1011100067, 3.

101044, 3. 301110 10010 69 8.

·Διιιι’1ιίιιιι 64, 180. 1010 68, 66. Bet. 100010 languidior 010010 67 31..

. Anam: 010100010111010110,7. 01111110011001011100101011600,

,13900110 me 16 0111 0011110 1011011 64, ἰῇ, 66Ξ19091111110111110 1140401088, 85

. 1000
4011101 01011010 0010000010Ιοιο 0101110 Bigoe‘ mveae 0110000 55, 98.

¹64, 41. 33. 31011111 pueri 100111 17, 1-3.

11001101 0101101010εο1οω 4001011164 407. Βο10100000100000 04106001 001010 64, 364.
,01011010 30106110011001 00101001 1114. 5. Bonus 0001 17, 5. 60101 0111001109, 1.

4001100οι vagari ',.468 600010 0001010011 1101603719. 60001010-

Avia 01010100 dixerit 01000 avus 84, 6. 01000 66, 37. bone Egnati 39 9. 11000000·

11014οι· 0114010110110 108, 4 0114011 01010 46, 19. 0011 010100 61, 166. bono

00000001010000100001000011010600010 (041061111101)71,1’, 60000111061,19.

60 83 0016011410111116.01011001001010.

- 4011110.0111035,8.0111114111111068,131. Ι10011010101004101000001974. 0101101040

- 4011000101 ejuslibet 84, 5. , 00106838-10100000100100100110100
400101οω0084, 6. .,49 7.00110101160075,7.001101010101“0

63,1.1’01000138,6. 0011010 41010014,

30001011 6000600110 3100 effigiet 64, 15. 0011010 0011061, 448.

-.61 bacchantes 11100 1114 366. 3000610600 10100 61 181.
301000161010101010001101033, 1. Brachium.- 6100610101001030, 30 6η-
30101111001 barathri 04 undas 96, 5. 0610 1101ιο 64 633. 66, 10. 6100610Ι 00011-

abruptum 10 6011161οω68 108. 60101610 001010 quercum 64 106.

011101 01001 68, 117. Brevis lux 6 5. 61010 1001000 66, 68.
311600000037 19. 6101111601004010 61311. .
Barbam: 100015110111100,400111 13001001 10100, 000001101001 000010 00-

64, 365. oe so 64, 664,

301100161100100 1816301001 Cytore 4 16.

3011010. basianillam. 0101107, 9.

0001010099, 16. basiorum 0101100141ιο 16 0001010101 00061000 100 56 3. 0001111101

19. 11110105, 13. plangore 10000001100164, 374. 00061000·
3011000001 quot 00110 sint? 7,1. 1010 quidquid 001 domi 61,14. 0011610010
Buxio: 6001010 600107 9. 000101 483 omnihus 185

600106100001018,18.6011001 00000 04 Caco: 00000 4001001000110 36 2⁰14!-

04111011000010 48, 6. 0010 06111066,10130.-
·Beatns 001000100000001161133,16.001 Cacumen 0011001 0100110 64, 311. m.

001 33, 37. 6011011110Ιο19,4. 40100061, 1011101004,16.

157. beati bonique 6000 0010110 0011001 88, 6040.Ι 0041101000 01000 64 109. 0001411

14. 0001119, 5. 6001000160061, 15. 110010 00101· 10101800 11, 33

..01104130344111001000111010. 000011 00001οι010ιοιο01164, 109. us

hommes 00101100 1111114005. 6001101011 0011001067, 35. 0000 ealigine 64, 466.

6001110019, 10. beatius quid 010 0018, 11. 10010 68, 44.

001110010000014 01131, 7. (11401. 00410604100000010 010000000-
.30010111116133, 15. 0011010 64, 77. 01040 fraterna 1114181.
Bellum. 60111ιο 0011010100 64, 695. 00001110100011010160101001114. 661. Po·

bellolonginq 00 64, 646. 60110 001100 00 1111 11110010 madefient 00001010 1614. 669. ’

00010101 110100 1114. 644. 60110 0100000110-0040100140 101000004066, 81. 006141

1101067, 13. 56, 7. 00010 00100100 0001110 64, 860.
3011111 Suffenus 44 9. 11010034, 7. 78, 00011000401110 68111.

6. 81, 3. 60110 0011140601108 16, 000110 0011101114. 0101110.

89, 8. 78, 4. 60006010000001100001000 00101111. 0101010 00001010000100001·

arca 44, 8. 6011000000010103, 15. 6011001 10 mia abiegnis 64, 7.

0000 001101 010110ιί046, 6. 6011οο04043 Caeruleus: 0010100 00010 0100103811.

9. puero 78 4. 1068 6410000103, 14. cesariem 01011100 Bereniceo 1141100-
neue. uteris manu 01010110 13, 3. non 66, 8.

Bene 000111 001116 7 100 1010011011 38 0001010001 06110046 7.
9.0011001001111613315.0000610161. calamus: 0110100 00110 cauit 1161000
017. 410010 quoidam 76,7. 100010 00014010 1²1er 68, 33.

1114. 8. 11111110 38. 7. 10110 73, 8. 75,7. 8010011ιί1600 custodibant 10001010·

111110 61, 336. 010110, 63. 0064, 330.

 

